This is the file header# problem=SEAS Benchmark BP5-QD
# code=Thrase
# modeler=B. A. Erickson
# date=2023/01/09
# element size=1000 m
#location=on fault, 0km along strike, 8km away from the fault, 0km depth# minimum_time_step=0.1
# maximum_time_step=3.157e6
# num_time_steps=2400
# Column #1 = Time(s)
# Column #2 = Slip_2(m)
# Column #3 = Slip_3(m)
# Column #4 = Slip_rate_2(log10 m/s)
# Column #5 = Slip_rate_3(log10 m/s)
# Column #6 = Shear_stress_2 (MPa)
# Column #7 = Shear_stress_3 (MPa)
# Column #8 = State (log10 s)
0.0	0.0	0.0	-9.0	-20.0	13.27306118027333	1.327306118027333e-10	8.146125357862418
2222.2	5.10164234050294e-7	5.101639555587954e-18	2.2957657516119043e-10	2.2957632988819393e-21	13.273105410411421	1.3273091229808136e-10	0.8072328402573318
652529.763181451	0.00014993863397661802	1.4989572907847765e-15	2.3001136970521474e-10	2.2987134590591182e-21	13.29824362182746	1.3290148062906303e-10	0.8073399220230839
4.043386371340473e6	0.0009371363603907891	9.342398965835225e-15	2.345207502833194e-10	2.32891788162288e-21	13.55895773944223	1.3464778318083842e-10	0.8078886411012992
1.1553899880465813e7	0.0027554165762113344	2.7200551498660144e-14	2.5011815567175137e-10	2.4280837938741367e-21	14.460734686517684	1.4038115484078294e-10	0.8090433093428259
2.2897954976238087e7	0.005779116640526423	5.581215163025482e-14	2.8343525618392403e-10	2.6127957633528747e-21	16.386988888813477	1.5106044223030195e-10	0.810623389807609
3.683923733406394e7	0.010099945158509411	9.385218421317594e-14	3.3625087071031436e-10	2.8273321913727013e-21	19.440564083009143	1.634640604326906e-10	0.8122906307181178
5.234268241753859e7	0.01585285178138771	1.388653265769149e-13	4.0440528623176674e-10	2.945106736196089e-21	23.380963751498353	1.7027332774238437e-10	0.8137926477533818
6.880284792298764e7	0.023155719906305734	1.8668688863450838e-13	4.80061605290716e-10	2.8204626365209037e-21	27.755091933088185	1.630669874610609e-10	0.8150027428955502
8.583257431498553e7	0.03200737552385809	2.3113994573688943e-13	5.559706502617661e-10	2.3623054440777765e-21	32.143831569083744	1.365783396541059e-10	0.8158789363056709
1.0319835936331525e8	0.042333857237622535	2.6556407466885786e-13	6.303050349102846e-10	1.5890987624734052e-21	36.44153014053583	9.18748657262517e-11	0.8164276339604816
1.2085517080768377e8	0.05417442614638534	2.849593343524073e-13	7.09380647803246e-10	6.31784287090632e-22	41.013344366548004	3.6527055836754325e-11	0.8166617737619492
1.388696755464048e8	0.06782554630270547	2.8728083133291884e-13	8.063961408741114e-10	-3.1970541824721e-22	46.62236244541275	-1.8483994565160777e-11	0.816557581201481
1.5733688236480424e8	0.08390556452067127	2.7347777575216753e-13	9.359119946296148e-10	-1.107099776278566e-21	54.11040636595975	-6.400774765773126e-11	0.81603344139206
1.7640417316346112e8	0.10338017465510357	2.464080687025894e-13	1.1061721120070766e-9	-1.6728507803024284e-21	63.954098290566236	-9.671701362529695e-11	0.8149573532198926
1.963066802769844e8	0.12750004753293803	2.0876098793439357e-13	1.3131336572143766e-9	-2.0748049347094083e-21	75.91969098823425	-1.1995621971807095e-10	0.8131783922558741
2.173655654637728e8	0.15763773024276578	1.61106569741098e-13	1.5393264736621646e-9	-2.4356364759504386e-21	88.99712587018378	-1.4081785101017194e-10	0.8105789071556165
2.400252232248771e8	0.1951655258099148	1.0133735857877279e-13	1.7581634512709017e-9	-2.8242850111752566e-21	101.64924421679204	-1.6328768331024983e-10	0.8071323705222864
2.648307727051253e8	0.24127270484195384	2.619144039651413e-14	1.9415534267653577e-9	-3.1988060895639084e-21	112.25193827732201	-1.8494066595173046e-10	0.8029698863590541
2.920079432776821e8	0.29596272740204266	-6.416632765490806e-14	2.0651458713799482e-9	-3.3992239650635504e-21	119.39738287498233	-1.9652773726986664e-10	0.7984966804161282
3.208281818007762e8	0.35633376448021564	-1.6140552718510142e-13	2.10718324404507e-9	-3.2793048484903676e-21	121.8276854511932	-1.8959438895951676e-10	0.7944325499727686
3.498374991155432e8	0.4168018716055426	-2.503005744366113e-13	2.0446414389641237e-9	-2.8207599005591582e-21	118.21173142476867	-1.630833188764826e-10	0.7915164491143624
3.779004228508633e8	0.4717755423920494	-3.1974976667032854e-13	1.8573739425023452e-9	-2.0933883736527873e-21	107.3847610676876	-1.2103002264784702e-10	0.7901697147567884
4.046406456767426e8	0.5173762163047154	-3.6309409918183776e-13	1.5429134314977151e-9	-1.1487061835266073e-21	89.20412093030046	-6.64128804745862e-11	0.7905103980365341
4.3020459505912554e8	0.5515126382587371	-3.783409674369072e-13	1.1280369721454173e-9	-6.504714793496997e-23	65.2179132580325	-3.760727136130078e-12	0.7924964419527653
4.550461878877438e8	0.5736251430633896	-3.6471116541628667e-13	6.660464231412349e-10	1.1367334670286918e-21	38.50777357340051	6.572075675326513e-11	0.7960048279879799
4.798626699022085e8	0.5843317734776264	-3.213211388671279e-13	2.2377570031035731e-10	2.3196671691386976e-21	12.937706610182314	1.341127442611765e-10	0.8008729778974879
5.056412592571033e8	0.5850348048829709	-2.478207703284803e-13	-1.3300443576802062e-10	3.285529084205624e-21	-7.689729011968964	1.8995477987327727e-10	0.8065829593541642
5.33668493147343e8	0.5777504019052849	-1.4741557154896473e-13	-3.4750591993090767e-10	3.752353360245397e-21	-20.091275293660736	2.1694469082648258e-10	0.8107214976934469
5.648621254235743e8	0.5659100876739716	-3.025507224273606e-14	-3.77096069583878e-10	3.7215879076062625e-21	-21.80206318860131	2.1516611088813952e-10	0.8138254882112509
5.980695854745433e8	0.5557864812948932	8.734543522100383e-14	-2.0798990969525765e-10	3.363283805326562e-21	-12.025085195129915	1.9445065558088847e-10	0.8170797279339123
6.31064534900506e8	0.5542708725445761	1.893848759582407e-13	1.2751055227594527e-10	2.8370869219235184e-21	7.372120214001849	1.6402835273373927e-10	0.8211858006801932
6.627674159231982e8	0.565189662779877	2.7016782761651794e-13	5.559347102426049e-10	2.26558146176595e-21	32.14180283303459	1.3098637538656563e-10	0.8229520699056546
6.931208250552238e8	0.5888927413699078	3.31946084368084e-13	9.844103674220905e-10	1.8851537921377133e-21	56.914444097418205	1.08991619418463e-10	0.8217714132631642
7.224689962930107e8	0.6232777371203374	3.7963020944263124e-13	1.3276794811827246e-9	1.3304243031276227e-21	76.76075525397593	7.691944913191428e-11	0.8184771900869762
7.510144730429173e8	0.6645734169200237	4.067293132884569e-13	1.5340230360246967e-9	4.985549781521709e-22	88.69057272593184	2.8824291102085254e-11	0.8141438062884572
7.788912097096843e8	0.7085450049524973	4.0693892228506334e-13	1.5966267314232298e-9	-5.150219540361839e-22	92.30996056632263	-2.9776312354166856e-11	0.8098291603804826
8.063317870461178e8	0.7518906438411759	3.730904193806847e-13	1.5511476374099914e-9	-1.9336496430103563e-21	89.68049038018843	-1.1179506323343615e-10	0.8062807869532466
8.337864579673679e8	0.7931850961151407	3.0107831642784755e-13	1.4584483289640598e-9	-3.1667161312539187e-21	84.3209821468563	-1.8308541280806915e-10	0.803784066719601
8.620186636155795e8	0.8331488921122487	1.9383085423190908e-13	1.3840753601105738e-9	-4.427262751371673e-21	80.02104194601351	-2.5596451504290396e-10	0.8022050283529674
8.92260805132208e8	0.874742818125179	4.1237122124036964e-14	1.381930382005524e-9	-5.638300408274987e-21	79.89700990101089	-3.259812139675641e-10	0.8011034534147906
9.262188772279773e8	0.9231125171856696	-1.5666232793614475e-13	1.4769472541625036e-9	-5.698247461710987e-21	85.39043463101797	-3.294469900798907e-10	0.7998453404506713
9.641867787052169e8	0.9823557198252594	-3.4829143149200687e-13	1.640446857805444e-9	-4.28288905749192e-21	94.84320270909565	-2.476172349793054e-10	0.797884882534065
1.0029028312582878e9	1.048883854036682	-4.713390531310381e-13	1.7780551879230562e-9	-1.9888975662870306e-21	102.79903607950786	-1.1498898013059508e-10	0.7954281622207462
1.0396132492002023e9	1.1148027451669573	-5.055848534376931e-13	1.785101006992118e-9	-1.1424427515596889e-23	103.20634765400047	-6.605079675067526e-13	0.7933930143374828
1.073772099586817e9	1.1732557818462295	-4.852661905590848e-13	1.612918233453193e-9	9.957504505867802e-22	93.25151763449081	5.7569713564243106e-11	0.7926716688204103
1.1059731809149134e9	1.2201366978026127	-4.403056716288609e-13	1.2891966111159662e-9	1.8591089396154915e-21	74.5354411813399	1.0748516077657376e-10	0.7937062849478963
1.1371550603497124e9	1.2539892559305827	-3.5906924641322337e-13	8.908310930918302e-10	3.277601733310254e-21	51.50380532461519	1.8949603680552177e-10	0.7965157609012932
1.168230270759104e9	1.2752880696780637	-2.2955306346939986e-13	5.034836340485701e-10	4.712831296386726e-21	29.109163515261578	2.724747490265578e-10	0.8008488101736964
1.2000325211912742e9	1.2858704144504933	-8.250999193847259e-14	1.9166709383895056e-10	3.9224912216673704e-21	11.081344124623653	2.2678110354005024e-10	0.8063064838538286
1.2335920670229223e9	1.288353316132145	2.1160652575601773e-14	-1.5394812765911923e-11	2.186557280530214e-21	-0.8900612086052941	1.2641724491139954e-10	0.8124582798646242
1.2705603028883462e9	1.285494836799031	1.0319627036763392e-13	-1.168021423210422e-10	2.9510421261707027e-21	-6.753000495939318	1.7061663892082936e-10	0.8179002225312307
1.3125261441489544e9	1.2801700078939424	2.7786626294931686e-13	-1.2091746041261887e-10	4.939049955917536e-21	-6.990937666491764	2.855550410642349e-10	0.8225791562785418
1.356848577724497e9	1.2766420294369007	4.634044085730411e-13	-2.3716943082345742e-11	2.6975718381874353e-21	-1.3712149820509474	1.5596238127479107e-10	0.8271109983814944
1.3989750800776312e9	1.2799006680070801	4.877374837905538e-13	1.9478706797893302e-10	-1.4428892486504276e-21	11.26178669065343	-8.342191863730791e-11	0.8307199187058856
1.4373919656511364e9	1.2938883139662476	4.0611363434349777e-13	5.47243825786541e-10	-1.888865538067964e-21	31.63939038931853	-1.092064475391151e-10	0.8314102326513104
1.4725752244398189e9	1.321240178911789	3.865832185061528e-13	1.0100331361278679e-9	5.663197283928665e-22	58.39593564924675	3.2742262835961104e-11	0.8290218033474713
1.5056233530154219e9	1.3632789736863755	4.035403928093748e-13	1.5193204994369152e-9	-3.066700435976978e-22	87.84071790096385	-1.773037143797201e-11	0.8237276562272836
1.5378146791981308e9	1.420217626088932	3.238692830268325e-13	1.985560303017617e-9	-4.8574469135788084e-21	114.79654264064757	-2.80836653962045e-10	0.8160365207777593
1.570670237228855e9	1.491684735941244	1.1807163253085127e-13	2.3217387272195666e-9	-6.6885162977372196e-21	134.23265620415305	-3.867004061155621e-10	0.8068547641957716
1.6064018992209358e9	1.5778817563703813	-5.875072079988837e-14	2.458744586229318e-9	-2.948384569201547e-21	142.15343784066044	-1.7046219641346046e-10	0.7975246376367711
1.6484501307030377e9	1.679993708371852	-1.1246654077087026e-13	2.3666083018366286e-9	-5.834720248922888e-22	136.82631595300143	-3.373364640261493e-11	0.7899813978422681
1.696602754203151e9	1.7870965358480824	-2.2183028274110838e-13	2.068272703316175e-9	-4.462906120763874e-21	119.57785705111345	-2.580243646234792e-10	0.7867005202853065
1.7439966302207065e9	1.8752376300566371	-5.120489056696319e-13	1.6514205122930593e-9	-6.1946624065505415e-21	95.47744112551851	-3.581465234391699e-10	0.7877906231422948
1.787256452978035e9	1.936827805086076	-6.505810134849709e-13	1.2060880376657704e-9	3.716853533444686e-22	69.73045003858277	2.148913358897085e-11	0.7913972270522488
1.8261793326371603e9	1.975360038055402	-5.130041309349373e-13	7.910682246167486e-10	5.364340952207741e-21	45.735967338126	3.101417993367225e-10	0.7962494088678985
1.861698117829833e9	1.9968272978234725	-3.4468689502231485e-13	4.387780420941594e-10	3.507869654795056e-21	25.36818145359773	2.0280931446271827e-10	0.8017108022572074
1.895132989857541e9	2.006542670785793	-2.8987429407959624e-13	1.653058001011038e-10	4.128434713969232e-22	9.557253067905162	2.386879063626101e-11	0.807475774449985
1.928052745208769e9	2.0086076144918263	-2.8448087295366236e-13	-1.6581878802476367e-11	8.60998547243812e-22	-0.9586923988676812	4.977920611477917e-11	0.8133646931285582
1.9626088174716256e9	2.0062616932420876	-2.0372406176991704e-13	-9.767741105412937e-11	4.252307945410826e-21	-5.64729090519166	2.45850291557022e-10	0.8183954180892955
2.00295417259017e9	2.0024795459877978	1.7991034376773197e-14	-7.41695526825298e-11	5.441601197562195e-21	-4.288171248775885	3.1461046964338697e-10	0.8230916575695091
2.0543969132487245e9	2.0017525858371243	2.3943698365627967e-13	5.412649666560575e-11	3.4523474014948825e-21	3.1293698864399886	1.996004297583246e-10	0.828627189195188
2.1058050854630563e9	2.0096334177202104	3.7619398927817595e-13	2.563889254864032e-10	2.9868008673981957e-21	14.823356688248081	1.7268458272999854e-10	0.832003726323603
2.15091868795097e9	2.026516995583352	5.821402397551703e-13	4.919201856250084e-10	5.447434311092807e-21	28.440811831321277	3.149483569340186e-10	0.8325524852953874
2.189908936792477e9	2.0506056753471866	7.520405572026736e-13	7.416590512560825e-10	1.7097483172748317e-21	42.87967648237585	9.885061685267206e-11	0.8310541876400985
2.2245308074662685e9	2.0809345938390065	6.772879064693623e-13	1.0077169600711293e-9	-5.9905070045988295e-21	58.262011889173074	-3.463462501409883e-10	0.8280647287775331
2.2567415048502073e9	2.1181165336985894	4.068529247475638e-13	1.2965821759369528e-9	-9.418459276303686e-21	74.96292823540622	-5.445357031130286e-10	0.8237859821067893
2.288526707250693e9	2.1644799916077595	1.6622493543612565e-13	1.6113680681579698e-9	-3.95700201530058e-21	93.16240748559008	-2.2877692654797844e-10	0.8181493337414588
2.3222891983701158e9	2.2246809532585528	1.973709098150032e-13	1.9351920702804425e-9	4.0602523549727964e-21	111.88434550185214	2.3474604112172306e-10	0.8109180721784074
2.361386138720769e9	2.306600855384976	3.1892371235453803e-13	2.2248753409437086e-9	-1.1416318462401775e-22	128.63231114082782	-6.600403184456871e-12	0.8019946186663475
2.40671049417459e9	2.4122798037813302	2.0304893308883652e-14	2.40343100056919e-9	-1.225899278478595e-20	138.95532142962787	-7.087585549200296e-10	0.7929377563475767
2.4522404476013803e9	2.522285913435687	-6.754796425020192e-13	2.3943073971709234e-9	-1.4666088818106472e-20	138.4276572609367	-8.479246727759948e-10	0.7869360847546897
2.494243606673657e9	2.6188722593010003	-9.77964639829502e-13	2.1767023180606024e-9	2.0327934847988073e-21	125.84669551323387	1.1752656327884643e-10	0.7847727182201517
2.532293814106615e9	2.6945656055662672	-5.918455963899013e-13	1.7864056242630765e-9	1.5071790826571485e-20	103.28160213074904	8.71380319455706e-10	0.7856699310941152
2.5672174679336686e9	2.748152155947542	-1.5027819098002038e-13	1.282723911771603e-9	7.151687572070535e-21	74.1611415817312	4.134773739799646e-10	0.788852959847481
2.600306245356111e9	2.781269456752333	-1.8694737444502588e-13	7.347542407274345e-10	-8.530917222498915e-21	42.480127197401636	-4.932185874333628e-10	0.7938725207134516
2.6330566408666687e9	2.7961989262921403	-5.575114777781385e-13	2.0690139313297466e-10	-1.1549547616935175e-20	11.962109053327815	-6.677429572530139e-10	0.8005416175333943
2.6674211670411572e9	2.7949477751838803	-7.722422517346566e-13	-2.3726291921528466e-10	-3.8708798096926813e-22	-13.71749762766892	-2.2379723212572783e-11	0.80780389754976
2.706263653622031e9	2.7790111026367748	-5.400369986242182e-13	-5.346723990438419e-10	1.0737561905025892e-20	-30.91243200712227	6.207991153180177e-10	0.8119418334498021
2.7522979928148003e9	2.751363660134768	1.0222583140369083e-13	-6.212860233375141e-10	1.5097978556005283e-20	-35.920071708057414	8.728998432398452e-10	0.8141187290830958
2.8015457699534297e9	2.7237836921186016	6.599839886605994e-13	-4.652526817499727e-10	5.326178806758878e-21	-26.898911527752603	3.079367795691516e-10	0.8163231155526808
2.8481365646789546e9	2.7100023733250636	6.059153183753678e-13	-1.0713896785928434e-10	-5.531971057215778e-21	-6.194320313944111	-3.198350831685105e-10	0.8203273849710764
2.8903706457144294e9	2.715638724138045	4.58254480387436e-13	3.7907669053471115e-10	-1.6267680146729415e-22	21.9166238663715	-9.405290165728639e-12	0.8243218051984016
2.928668488918543e9	2.740709075968288	5.391454737356358e-13	9.204542464771528e-10	3.503592960559118e-21	53.21679288096298	2.0256300803095103e-10	0.8235908881928089
2.964382634920002e9	2.783455260883177	6.753071139148218e-13	1.4506664713728203e-9	3.444184145176444e-21	83.87134885801098	1.9912803919563731e-10	0.8191648980767775
2.999084749372523e9	2.8423578683264843	8.106038001981285e-13	1.911150782585639e-9	3.938477878553431e-21	110.49441291532332	2.2770563418443882e-10	0.8121377213904848
3.0345428462451544e9	2.9168627525323005	8.562897784860733e-13	2.252064298939521e-9	-2.2201778692786008e-21	130.20429988259173	-1.2836076892669914e-10	0.8036221469226698
3.072900188500781e9	3.0074493906985698	5.416399482912971e-13	2.4321109778161605e-9	-1.3737061360797634e-20	140.6135276157917	-7.942140283215116e-10	0.7949991887265416
3.1163564549490385e9	3.1137013220727985	-1.5659359841603324e-13	2.4266660918645677e-9	-1.6351741905343035e-20	140.29852093552915	-9.453814893323092e-10	0.7881285596067161
3.1642325007297444e9	3.2260189028474007	-7.889375992116909e-13	2.2472276254833737e-9	-7.292631584850059e-21	129.92413662968607	-4.216256740864069e-10	0.7848106293088601
3.212121335838284e9	3.326464591778424	-8.140998198967367e-13	1.9420977261645812e-9	4.5356061114128316e-21	112.28297221076822	2.6222745030061356e-10	0.7850535960782123
3.256893045218127e9	3.405167515388544	-5.808792642461998e-13	1.5774078131357637e-9	3.96883426169285e-21	91.19836822146189	2.2945950019626664e-10	0.7875713508764557
3.297890189971213e9	3.4619333287256926	-5.578786671864534e-13	1.20211461011088e-9	-2.5878175592734122e-21	69.50072429119012	-1.4961567989459223e-10	0.7913631490525701
3.3358989078994527e9	3.500504730525952	-6.975632518485109e-13	8.414756375400829e-10	-4.6852750189583084e-21	48.650291450256944	-2.708812769235664e-10	0.7959540901899168
3.3723736408182135e9	3.524822973470512	-8.819222701675593e-13	5.090110212728118e-10	-5.639422989841258e-21	29.42873452222045	-3.2604614652851657e-10	0.8012098713034441
3.4092468607952385e9	3.5377723371699843	-9.47719287463771e-13	2.13475113310966e-10	3.217265658850825e-21	12.342189805715623	1.8600811495579538e-10	0.8072055308887667
3.4492304118635607e9	3.540931134457766	-5.504379479920601e-13	-3.2585643457959123e-11	1.6148575557680582e-20	-1.8839610542597356	9.33640837005167e-10	0.8141309012168719
3.4955192803018985e9	3.5347962529308856	3.7911058787127336e-13	-2.0769508935223177e-10	2.1187216530532914e-20	-12.008047325894971	1.224954810419978e-9	0.8199216317805358
3.546624573774035e9	3.5219521590389737	1.1710704499882319e-12	-2.692901016688762e-10	9.372807921216083e-21	-15.569222399308977	5.418963791355867e-10	0.8238631201319824
3.5970459835447445e9	3.50992894093566	1.1051559418221425e-12	-1.83982040134925e-10	-8.780374278061194e-21	-10.637076279566468	-5.076447184213542e-10	0.8271691755876472
3.643908510099393e9	3.506492505457372	5.073849433928337e-13	5.606404194006853e-11	-1.2507162764636906e-20	3.24139251076023	-7.231127530813866e-10	0.8311672821154713
3.6871154831259217e9	3.516769847033734	5.3217145160690767e-14	4.2881224668954066e-10	-4.5055183548485496e-21	24.792171376911163	-2.6049065542686296e-10	0.8329685170154456
3.7275515898218503e9	3.5434489624733976	2.491135105654679e-13	8.86740300422979e-10	1.3792365270255712e-20	51.26767668671723	7.974178269368001e-10	0.8310079686102776
3.7666920109825172e9	3.5880521908951697	9.598132682825878e-13	1.3754330888547914e-9	1.7790731373773382e-20	79.52178640938601	1.0285856519199453e-9	0.8255724070278868
3.806192600777148e9	3.6521372745335055	1.3133740885995397e-12	1.841036606345706e-9	-6.2798070385241245e-22	106.44083225076879	-3.6307148117033555e-11	0.8171083018324612
3.848075330488876e9	3.7381659623380865	8.102741919424e-13	2.2295304621535914e-9	-2.1316103770790518e-20	128.90157244235488	-1.232402669997707e-9	0.8064140854883283
3.8949914004286056e9	3.8496363888365925	-4.338829887946203e-13	2.479751586720102e-9	-2.6991649653892842e-20	143.36789269383587	-1.5605337050423314e-9	0.7951433304069068
3.9485617746380734e9	3.9848045563240695	-1.308318414685354e-12	2.5247598632177037e-9	-3.269713907140387e-21	145.96978847915216	-1.8903954168708593e-10	0.786415487027075
4.004688986098407e9	4.121731670184172	-8.141778824261375e-13	2.320278028984708e-9	1.419832791450506e-20	134.14751249450867	8.208802339716296e-10	0.782977532357221
4.0583324773223963e9	4.235198231293471	-6.16824888320316e-13	1.8899782654398e-9	-8.368559365953582e-21	109.2696510667413	-4.838307289402976e-10	0.7842266401101378
4.1078399283939376e9	4.314656447008941	-1.2593790587453168e-12	1.319392738940474e-9	-9.57263258827519e-21	76.2811589852005	-5.534451470147703e-10	0.788631900174405
4.153753822191556e9	4.3608693116874	-9.832247374282926e-13	7.128834738446986e-10	2.168687940413749e-20	41.21567196088959	1.2538364826381514e-9	0.7952578472586307
4.1976257125875087e9	4.379360325692159	2.6645766827705335e-13	1.6534932756597417e-10	2.765257849220859e-20	9.559761612960127	1.5987489169782466e-9	0.8035956060464128
4.241873941396602e9	4.376548887008503	6.07069857513433e-13	-2.476979797724919e-10	-1.059661650657168e-20	-14.320819112966781	-6.126502458335505e-10	0.8117496120535548
4.2903812047330194e9	4.357909978387147	-4.0729528219692015e-13	-4.718246519379954e-10	-2.2879501059179182e-20	-27.278872758929488	-1.3227943805343194e-9	0.8160098924689071
4.350865729648516e9	4.328482948941129	-8.397096769477917e-13	-4.5991889390512646e-10	9.153801902013932e-21	-26.590549701978873	5.292338011401212e-10	0.8189092401695369
4.421547307389621e9	4.30433883394861	4.422969016620256e-13	-1.9532905646714e-10	1.7424400730655917e-20	-11.293104237619318	1.0074055406214018e-9	0.8233503094284855
4.487894054391976e9	4.30568842048749	7.560757453425656e-13	2.482376149036407e-10	-6.85228697362331e-21	14.352072740717016	-3.961709071523435e-10	0.8292372760673988
4.546078134715606e9	4.335322920489379	3.4777862828495234e-13	7.679160627920972e-10	1.2433042216450854e-21	44.39772727013114	7.188270231735705e-11	0.8288073204074563
4.597190962738479e9	4.388223578246985	1.0688167164688588e-12	1.286522684555606e-9	2.4379401164104448e-20	74.38132229250013	1.4095142798914467e-9	0.8232550265014409
4.643473720904132e9	4.459011534620876	2.0630457676227087e-12	1.7476359270289129e-9	1.2797476072704569e-20	101.04075596561457	7.398947554461332e-10	0.8147546211783133
4.687495143610296e9	4.544703641629223	1.8307625874362478e-12	2.114986114586363e-9	-2.5012116630572404e-20	122.27909206936958	-1.4460893578574293e-9	0.8050423903203109
4.732461398793895e9	4.6461556786034635	4.3045738251168895e-14	2.3639509104046547e-9	-4.4659545926230407e-20	136.672842398603	-2.5820109271744727e-9	0.7955447566401298
4.784121158593801e9	4.771907274709006	-1.5275872809734662e-12	2.470731068070122e-9	-1.0503893456354739e-20	142.84613278267915	-6.072860696140238e-10	0.7875337747480661
4.85013340867832e9	4.933499159034866	-6.472373818826526e-13	2.3958882444936116e-9	2.890702300705118e-20	138.5189330976516	1.6712674287578505e-9	0.7828858531033372
4.915714839041323e9	5.082423377968353	4.59968433342861e-13	2.119811760582458e-9	-6.357270810164573e-21	122.55750358508257	-3.6754737123168166e-10	0.7829395932595872
4.973048939637925e9	5.191716824479187	-1.5530451438324965e-12	1.6750010545558588e-9	-5.3535998343659556e-20	96.84072029302858	-3.095200822175651e-9	0.7859940057913238
5.022576826388539e9	5.260974035079001	-3.439669846631596e-12	1.1172787469335086e-9	-9.757763648400255e-21	64.59590285363346	-5.64148879078508e-10	0.7911124143100762
5.066623599331622e9	5.296623353845325	-2.0514629865721917e-12	5.133278695228313e-10	6.331915390994477e-20	29.678294783850763	3.6608269816914274e-9	0.7980094692429544
5.107766315783827e9	5.3052718976794555	7.300444994151925e-13	-6.467322185661554e-11	5.607248642694244e-20	-3.7391200019372377	3.2418634720590785e-9	0.8065405410074206
5.148950126613115e9	5.291784737930053	1.4118910959410243e-12	-5.491545787057979e-10	-2.3432045841804263e-20	-31.74972764333527	-1.3547389067696348e-9	0.8118011347790286
5.193692690245295e9	5.25905411977224	-6.34445869942985e-13	-8.611777598439964e-10	-4.9919519089692336e-20	-49.789559896250154	-2.886129904421227e-9	0.8128096263529891
5.246651881395728e9	5.210398525016115	-1.3366280863523526e-12	-9.24872238737654e-10	2.78668153840713e-20	-53.47208782420516	1.6111379898609406e-9	0.8119357308057358
5.305348722525962e9	5.161850909868659	1.653071995507245e-12	-6.878904250503203e-10	4.862480135378495e-20	-39.77083454701559	2.8112746726797615e-9	0.812309915390185
5.361189627179904e9	5.136644492024023	2.6139144928968925e-12	-1.8995084939286115e-10	-1.4887018858768877e-20	-10.982142598972569	-8.60703516215696e-10	0.8164721604324398
5.410966051219332e9	5.143529565275127	1.2307368135140633e-12	4.741199902591203e-10	-2.6353436096383505e-20	27.411611757832564	-1.5236441694097478e-9	0.8214773280779496
5.454661209808743e9	5.180451035757439	1.0807362251552914e-12	1.2051470678902966e-9	1.9055037342996667e-20	69.67647058380379	1.1016811012342341e-9	0.8194767472999439
5.494015129030904e9	5.24233364029213	2.0020605900534447e-12	1.9122399249368055e-9	1.6756767283221707e-20	110.55738987256679	9.688033543156135e-10	0.8124518611593812
5.530953397798642e9	5.325006358504827	1.5371598115880412e-12	2.5236945807163096e-9	-4.465098505995216e-20	145.90870833092606	-2.5815198105120663e-9	0.8025624820379821
5.567520026851325e9	5.4265602529440615	-8.708832274324259e-13	2.982381159565999e-9	-7.353551979072637e-20	172.42749152442423	-4.2514838101058656e-9	0.7918183762123329
5.606317810606037e9	5.548241450756958	-2.9282831658935e-12	3.239010516069428e-9	-1.6974404593456412e-20	187.26421477582062	-9.81379508251205e-10	0.7822536416790998
5.651560583101003e9	5.695933019963925	-1.4689306831428601e-12	3.2435649593604443e-9	6.77060515455161e-20	187.52727061594896	3.914437111509827e-9	0.7758365045583624
5.70481560004701e9	5.861831952447986	1.9564313464449223e-12	2.95104237222995e-9	4.3517308142136833e-20	170.6149787830421	2.5159600130564426e-9	0.7741935448572402
5.756921326567102e9	6.001574414875646	1.4919522520501837e-12	2.3880173532564787e-9	-5.3117770535389895e-20	138.06369311425829	-3.071014354276349e-9	0.7767738952687668
5.803088014345507e9	6.095062192125414	-1.9486539168961314e-12	1.654676150219098e-9	-7.628653029393216e-20	95.66554744654076	-4.410526302926285e-9	0.7820162094158362
5.843249179438079e9	6.145344693467718	-3.760724371927028e-12	8.604322990152461e-10	-5.832100842136658e-21	49.74620595550199	-3.3718502894211555e-10	0.789138725881193
5.8787908724044285e9	6.161842304785246	-2.580111401211787e-12	9.626316010161795e-11	6.290473693235061e-20	5.565500147404837	3.6368671286075472e-9	0.7977843126182668
5.91150135325184e9	6.153353642824348	-4.572499954435597e-13	-5.760533222277297e-10	5.578597456264873e-20	-33.3048416708314	3.2252969969463138e-9	0.804274127445586
5.943054330841376e9	6.126054703087699	4.508135360044931e-13	-1.1073283687873546e-9	4.1710680767267924e-21	-64.02081904482716	2.411526716833002e-10	0.8056380568739233
5.975249358711036e9	6.084022810889536	-8.579432363128582e-14	-1.4545970843379663e-9	-3.070436128126463e-20	-84.09832538782345	-1.7751894278217366e-9	0.8040590703114588
6.011039971657105e9	6.02878065100387	-9.393107124129414e-13	-1.5852780972659836e-9	-1.1153138160621633e-20	-91.65366075384708	-6.448243643038793e-10	0.8011680793122743
6.056520469521664e9	5.9587967187900786	-5.248339668706476e-14	-1.4554660667362505e-9	4.765091659766427e-20	-84.14846840728845	2.7549605872216522e-9	0.7986918803458306
6.107108657437569e9	5.8949457301951425	2.9761054021821054e-12	-1.036211228277499e-9	5.941607182864675e-20	-59.9090610083247	3.4351693698344528e-9	0.7994229707482154
6.152605358876614e9	5.862105107461737	4.243583804447887e-12	-3.8698177855108946e-10	-1.4223173937528462e-20	-22.373565668060557	-8.223206717665352e-10	0.8042279168941117
6.1916313658304e9	5.862136779096692	2.0749643846245053e-12	3.9419304766433105e-10	-8.701277978453733e-20	22.79052148047588	-5.030699142223495e-9	0.8107826545893821
6.2249653093067045e9	5.8892891176901	-7.759048562002447e-13	1.2256501873004508e-9	-6.896113793773462e-20	70.86174606412571	-3.987032103833874e-9	0.8111618907686678
6.254445343064855e9	5.937900062322659	-1.6515204470991409e-12	2.047833366120377e-9	1.1356433934177231e-20	118.39666133686019	6.565787454896716e-10	0.8066510104530342
6.281745113150942e9	6.004662924937999	-3.599747367739943e-13	2.806105458253866e-9	7.017599823011198e-20	162.2363068716033	4.057258343728128e-9	0.7990755877720197
6.308447719259636e9	6.088873369685527	1.528466299931639e-12	3.453557332762997e-9	6.073087627934872e-20	199.66860743460364	3.511176542501291e-9	0.7898032481745174
6.336444190732941e9	6.193189694348383	2.43922562769997e-12	3.9424633099633204e-9	6.834064666482755e-21	227.93436442567372	3.9511291893625594e-10	0.7801413709048041
6.369376781545532e9	6.328523583420695	1.8260015001324424e-12	4.2128683649743866e-9	-3.9374694710644713e-20	243.56741481735662	-2.276451996371049e-9	0.7715282479812529
6.416664749104415e9	6.527853651698284	-3.039387657717977e-13	4.154595828520498e-9	-4.5123944977429474e-20	240.19810471130853	-2.608842474223471e-9	0.7660924490611077
6.464294164642383e9	6.716044391206007	-1.9435867929468078e-12	3.6930533148174886e-9	-2.5970975122719504e-20	213.5140515511776	-1.501513151445182e-9	0.7663383577175654
6.504810981438224e9	6.85057939621003	-2.4362742197456963e-12	2.9117476231856667e-9	5.424374151658018e-21	168.34298975914163	3.1361075217887846e-10	0.7698382435034399
6.538668821746734e9	6.932804299351939	-1.6570135621992177e-12	1.932520979486126e-9	2.98517772352036e-20	111.72905751513788	1.7258860167862364e-9	0.7754371397143667
6.56761481271846e9	6.9731665938825556	-1.0382110246049496e-12	8.669061049421925e-10	6.7718544970311996e-21	50.12042261175295	3.9151669058684975e-10	0.7827943012628422
6.593360123467917e9	6.981457536210851	-1.4313247438563855e-12	-1.9253416663243561e-10	-3.436784562240709e-20	-11.131439098439092	-1.98699060629965e-9	0.7916239765730038
6.617495972073723e9	6.964332916946072	-2.5405648369364446e-12	-1.1797457823675328e-9	-4.893622968798995e-20	-68.20752914869229	-2.8292699687997917e-9	0.7959187741665208
6.641139932970732e9	6.925739041602095	-3.3710054991671233e-12	-2.0239761139931744e-9	-1.1469520085348462e-20	-117.01704769483375	-6.631152263038025e-10	0.7950563481075376
6.665681361876095e9	6.867293637673725	-2.778935912547826e-12	-2.6693282905025908e-9	5.582358470622405e-20	-154.32820379555397	3.227461226029423e-9	0.7909368285469984
6.693594018851628e9	6.786371445218731	-5.438478187749095e-13	-3.0532443150629286e-9	9.187181642355038e-20	-176.52420755626446	5.3115957707392246e-9	0.7849840020258414
6.733489279123055e9	6.662634579411389	2.568670761019557e-12	-3.073253735219065e-9	6.127493965687141e-20	-177.6808148185861	3.5426235983787204e-9	0.7786784616974026
6.779053359444504e9	6.531650641747383	3.737632457670591e-12	-2.608307878994524e-9	-4.276268071717125e-21	-150.79983542411674	-2.472332835542921e-10	0.7770542074622947
6.818217825390781e9	6.445478709250558	2.917795559111519e-12	-1.7460516164463243e-9	-3.273630006698076e-20	-100.9484114310278	-1.892657385820613e-9	0.780554534753677
6.850678769196321e9	6.40649731169187	1.8454228393336713e-12	-6.350104747947503e-10	-3.104681031753626e-20	-36.713348818425644	-1.7949820075891254e-9	0.78750227730078
6.878109460279783e9	6.405921994345335	1.1484015592639425e-12	5.868597635913379e-10	-1.2095326884520826e-20	33.929557362403514	-6.992966851807322e-10	0.7954586261370711
6.901839911533503e9	6.43477468629512	1.1653221776566664e-12	1.8198989636933128e-9	1.676114450023772e-20	105.21827672407444	9.690531042773905e-10	0.7965340149526968
6.923233175204634e9	6.4867643678558755	2.0005084023193395e-12	2.996029184802132e-9	5.518641037777206e-20	173.21657594438244	3.1906234734928093e-9	0.7923331771655736
6.943423981601238e9	6.558531013512608	3.229941164064608e-12	4.054625326022041e-9	5.583433492546654e-20	234.4192706707417	3.2280773238436175e-9	0.7849532577747341
6.963454492525189e9	6.6493569881086705	3.990870741849793e-12	4.945939245099649e-9	9.124154226842227e-21	285.95017794711526	5.275142688757175e-10	0.775981142467368
6.984562550215117e9	6.761676790137701	3.299385887456425e-12	5.621253850226081e-9	-7.439202904899286e-20	324.9928549121443	-4.300976000642097e-9	0.7669325479747403
7.009001596395652e9	6.904935057224948	6.042370123365052e-13	6.0221469810965e-9	-1.3658929082813562e-19	348.16985456548105	-7.896896849597521e-9	0.7593151819113725
7.0456585137408e9	7.127474815206915	-4.319809639827868e-12	6.0362328248122395e-9	-1.1392501071699084e-19	348.9838610257015	-6.5865567583779514e-9	0.7545078753797001
7.086389905703831e9	7.364493765678242	-6.0815102225976536e-12	5.528574427648902e-9	2.5335991661661256e-20	319.6337637088621	1.4647968437601403e-9	0.7547345328526025
7.121031774944335e9	7.540691415776392	-3.561455232653781e-12	4.591758801770782e-9	9.967030860167198e-20	265.4721834648146	5.762431258561261e-9	0.7578757029400731
7.149559882022611e9	7.654664928956014	-1.3650366584640698e-12	3.3720628386828607e-9	4.631809866631282e-20	194.95584432124025	2.6778813043628424e-9	0.762871773925576
7.173420226030248e9	7.718734389672294	-1.1592483971294068e-12	1.9981296754479815e-9	-2.5674346583873715e-20	115.52208553721486	-1.4843651533824458e-9	0.7694478859728199
7.19406327970664e9	7.744988111337245	-2.0649028200752468e-12	5.734885144434176e-10	-5.302669465601943e-20	33.1563645249657	-3.0657500076969695e-9	0.7775833684579391
7.21275041163344e9	7.742138699766449	-2.848666897182383e-12	-8.303561466872005e-10	-2.377175164955266e-20	-48.00730421048862	-1.3743713677670433e-9	0.7854615557669575
7.230401189195331e9	7.715295255407569	-2.8314896210410904e-12	-2.149444199609606e-9	2.181858772841684e-20	-124.27082472340597	1.2614488395664362e-9	0.7871866934651788
7.247647168326654e9	7.667497199488275	-2.2186648801130786e-12	-3.321045455659115e-9	4.090041986103363e-20	-192.00717115767122	2.3646692047819357e-9	0.7844174814577807
7.265320513098035e9	7.599472324386821	-1.563543727628758e-12	-4.2946847242577755e-9	3.278400622118738e-20	-248.29801451113053	1.895413557708406e-9	0.7787122917981445
7.284629586134428e9	7.508751703335874	-1.1505327617557092e-12	-5.012120611590317e-9	1.5402692548095415e-20	-289.7761676430262	8.905079434141347e-10	0.7713942785610497
7.30842081353804e9	7.383806616671939	-7.088470305353194e-13	-5.393643340782791e-9	2.6498693482399867e-20	-311.8333787315646	1.5320214182700462e-9	0.7638985178200806
7.343495104437742e9	7.1950483535120435	1.1259350002895499e-12	-5.2773256504782695e-9	7.065399959512819e-20	-305.10815560700087	4.08485527149034e-9	0.7588355818457224
7.37735442843687e9	7.026708588746356	3.826329479714603e-12	-4.589863743289993e-9	7.116847748498558e-20	-265.3627051061487	4.114601382516162e-9	0.7593414762292595
7.405847397991369e9	6.911305801788332	5.072142915244202e-12	-3.4582191289965986e-9	1.4402819512200564e-20	-199.936979466825	8.326991788720926e-10	0.7631799816552624
7.429433699444059e9	6.84624142545754	4.709700939479793e-12	-2.0345517835027234e-9	-4.056790725135375e-20	-117.62782886343375	-2.3454378945786635e-9	0.7692862662443924
7.449373031693593e9	6.821566815134081	3.5891943155841603e-12	-4.4426244887074433e-10	-6.776271773204366e-20	-25.685130215093963	-3.917716280321017e-9	0.7773918873480387
7.466795886774122e9	6.828427455935841	2.386805513144978e-12	1.2020610485385247e-9	-5.999488355441048e-20	69.49752234452336	-3.4686223012125916e-9	0.7843587817468989
7.482509818790282e9	6.86054888429043	1.6971474222012992e-12	2.838364366171439e-9	-2.459823025849994e-20	164.1008543126472	-1.4221537756422198e-9	0.7845556905293745
7.497233154247516e9	6.914308315947266	1.5299658090873723e-12	4.399301071660548e-9	4.471130109165902e-22	254.346500021241	2.584993106590648e-11	0.780187212089001
7.511567933835394e9	6.988191407436992	1.6523136946621805e-12	5.830365602526774e-9	1.3954891559887575e-20	337.0830521242945	8.068031680606531e-10	0.7728664819839783
7.526109982307184e9	7.082707541130142	1.867615253100839e-12	7.079397436760911e-9	8.538281259755921e-21	409.2948667642859	4.936401327690882e-10	0.7639931069259375
7.541609496128338e9	7.201031303833652	1.8589992551543482e-12	8.090910681204447e-9	-1.2811822448637476e-20	467.77423080968583	-7.407127117474879e-10	0.7550548097821723
7.559396907698407e9	7.352162756130634	1.4767026573103148e-12	8.796645741218657e-9	-2.4484163477260982e-20	508.57507177616253	-1.4155435565036453e-9	0.74755776332723
7.583849377982127e9	7.572199264065834	9.941448622076904e-13	9.083510941897098e-9	-1.4888661084420153e-20	525.159415261371	-8.607817614942873e-10	0.742644698218057
7.615452998443902e9	7.855691520999954	4.127852375099718e-13	8.75861070111255e-9	-3.280701543926168e-20	506.3754674560997	-1.8967240748336276e-9	0.7417536320436555
7.643734629229691e9	8.091430621971194	-1.34372132068e-12	7.834939644268459e-9	-9.89173184094408e-20	452.9742836860969	-5.718870021346489e-9	0.7436758276223278
7.667442783266727e9	8.261451379553723	-4.463992098055524e-12	6.4571340487889894e-9	-1.6137740591415746e-19	373.31753749576063	-9.329993047709112e-9	0.7473176343800144
7.68726422299275e9	8.372983459019213	-7.518938785375334e-12	4.775464246807664e-9	-1.3006133902465395e-19	276.09275344269884	-7.519476924524301e-9	0.7524077012553123
7.70421133450691e9	8.438086210394497	-8.660713737951123e-12	2.9155243913041518e-9	3.920975804294832e-21	168.56094544622874	2.2669108535500345e-10	0.7589082862984019
7.719166736216785e9	8.466935984695564	-7.395994021267414e-12	9.769519354264572e-10	1.5571465731002162e-19	56.48255911850101	9.00265613711198e-9	0.7669147398035607
7.732910981284153e9	8.466671976695437	-4.592867849987005e-12	-9.566164535715745e-10	2.362468624425744e-19	-55.30696105932205	1.3658657001680834e-8	0.7752310614427458
7.745982970640401e9	8.44142387708417	-1.5092884482392344e-12	-2.829115944504548e-9	2.19038194513004e-19	-163.56590589019174	1.2663737157773431e-8	0.7775267109366221
7.758701335379552e9	8.39382150293914	6.466779617690012e-13	-4.5671324075140405e-9	1.1132380199227162e-19	-264.04938507560615	6.436200844971341e-9	0.7749028921541619
7.771509298877364e9	8.324751792802406	1.2229034800315243e-12	-6.1172098301264375e-9	-1.160973209356617e-20	-353.6666243513153	-6.712169229398182e-10	0.7689549908017064
7.784942111130107e9	8.233087089809617	4.231895355375579e-13	-7.420384998971543e-9	-8.850772331944597e-20	-429.0086799564667	-5.117063542186879e-9	0.7610781826474483
7.79983247160014e9	8.114357644869198	-9.269663498467593e-13	-8.4088373280867e-9	-8.027820087788755e-20	-486.1547487093532	-4.6412633580472104e-9	0.7528162035111813
7.818127032177431e9	7.954063129539694	-1.70168640870086e-12	-8.988142120866374e-9	1.9442204146526387e-21	-519.6461032797196	1.1240438221884059e-10	0.7458439721053614
7.845036038046355e9	7.710823331026385	-5.309623730204769e-13	-8.969985387706214e-9	6.662393069880619e-20	-518.595963874714	3.8518347649956246e-9	0.742083918572691
7.872450109791957e9	7.473785034767581	1.0586114347072796e-12	-8.222605580902144e-9	5.0448050240353914e-20	-475.386835294237	2.9166349661995213e-9	0.7427515084251819
7.895881480738913e9	7.296113883390824	1.8327757895352736e-12	-6.8681476989115476e-9	1.884737647348703e-20	-397.07997296194736	1.089655620201923e-9	0.7458976272737
7.915322391128921e9	7.179534751823197	2.1702579639160695e-12	-5.082236479616818e-9	2.6412832205665515e-20	-293.8286070935829	1.5270532427039612e-9	0.7508304367467696
7.931631749581841e9	7.113368819154103	2.8735572338986472e-12	-3.0216812995693097e-9	6.596040480515846e-20	-174.69834181873233	3.813497256244715e-9	0.757395493586592
7.945691523859036e9	7.086592756391321	4.174034263413675e-12	-8.063195065437919e-10	1.140694262347126e-19	-46.617418573865784	6.594931842908973e-9	0.7656481237140362
7.958205897671878e9	7.090962443977849	5.7675608764385776e-12	1.4536242236735022e-9	1.294128506092712e-19	84.04151979458221	7.48202490645563e-9	0.7732925520199113
7.969673481445237e9	7.120880277768107	7.1531883186432515e-12	3.695212058269241e-9	1.0359257906742901e-19	213.6392249993723	5.989220093100049e-9	0.7742550987429475
7.980517490410362e9	7.173110209205304	7.937126471606106e-12	5.850794854221067e-9	3.2832542456007993e-20	338.26398841670533	1.898215035349869e-9	0.7704171831766703
7.991086965708494e9	7.24612293021428	7.728737507247453e-12	7.863778478246223e-9	-7.326962656990686e-20	454.64352232527483	-4.236075723057388e-9	0.7634104586820455
8.001712561235448e9	7.339927210444248	6.400774780053326e-12	9.680318090007634e-9	-1.7132883314737045e-19	559.6647669034909	-9.905326516723435e-9	0.7546696021526611
8.012766450144932e9	7.45624746481032	4.102024232381944e-12	1.1245210951326565e-8	-2.2661499619297177e-19	650.1364436336513	-1.310163662884171e-8	0.7457051349174275
8.024774107578636e9	7.5995510694986725	1.295119857423201e-12	1.2496576972720768e-8	-2.2057908392934565e-19	722.4814645138089	-1.2752636177592481e-8	0.7379790260864284
8.038716828986898e9	7.780668070260183	-1.2851068880742065e-12	1.3351893893286025e-8	-1.4074843567457415e-19	771.9294252743923	-8.137262018924309e-9	0.7324732495930646
8.057878249211813e9	8.04106124456216	-2.6436152415053544e-12	1.3685373193214721e-8	-1.0792274645434989e-20	791.2084587025629	-6.239463745382564e-10	0.7294502148278864
8.082910207552626e9	8.379832680292735	-1.949912087716042e-12	1.3260989765617146e-8	4.494067187871378e-20	766.6734240949683	2.5982086857284038e-9	0.729296816432638
8.1055732775467e9	8.668162049789414	-1.425975120046085e-12	1.2087160267336094e-8	-1.773546333687967e-20	698.8105655067501	-1.0253631862118586e-9	0.7311509495021412
8.124644392482862e9	8.882496308823821	-3.0137506793066247e-12	1.032333862854275e-8	-1.4638091732207606e-19	596.8378786683511	-8.462928449375855e-9	0.734422200970361
8.140566399705791e9	9.02982178034398	-6.190874671856104e-12	8.149883258105608e-9	-2.373363028579688e-19	471.18205764174667	-1.3721498086795464e-8	0.7389491751212253
8.154100525003683e9	9.123631812612082	-9.389666777393557e-12	5.7141004927806965e-9	-2.176166064061032e-19	330.3591829491496	-1.258144556248463e-8	0.7447151227413341
8.165924086821402e9	9.17573438169603	-1.130634370259963e-11	3.1315965673020475e-9	-9.698648859653473e-20	181.05286328102977	-5.6072616898745955e-9	0.7518088029280121
8.176572750656152e9	9.19472845618735	-1.1396924928217403e-11	4.98365562206599e-10	8.552516680360753e-20	28.81300765448513	4.94463797789845e-9	0.7604148404514934
8.186563181059188e9	9.186186073226084	-9.612532982675214e-12	-2.12671353919644e-9	2.620734796432763e-19	-122.95611721469363	1.5151799660830996e-8	0.7673515398663142
8.196100783062343e9	9.153333159963788	-6.474585478784797e-12	-4.6636979392783174e-9	3.7309436760892126e-19	-269.63191349529654	2.1570468234115103e-8	0.767853936342957
8.205390868643287e9	9.098351276299349	-2.9082996651476814e-12	-7.058729459488669e-9	3.7941211310070345e-19	-408.0999453853889	2.1935684534107144e-8	0.7638946187592563
8.214690761580336e9	9.021900898658982	1.7761651230797756e-13	-9.256374575986923e-9	2.7226831289426324e-19	-535.1550401287969	1.574112615221106e-8	0.756957574876674
8.22427796291372e9	8.923192302174913	1.8913967740814744e-12	-1.1200268101303487e-8	9.113994254493529e-20	-647.5385093031097	5.269215165184315e-9	0.7484734251865722
8.2345169776075115e9	8.799448885097593	1.815745758822629e-12	-1.2828499117021978e-8	-9.628178298387685e-20	-741.6713917245546	-5.5664691038269e-9	0.7400011634481524
8.246016373396387e9	8.643961838616093	-7.553018216412193e-14	-1.4065635351019674e-8	-2.121716451016987e-19	-813.1932649956743	-1.2266531053447648e-8	0.7329979478095424
8.260240482964595e9	8.4375129474982	-3.1059549678716484e-12	-1.4805766826275623e-8	-1.9545952437982232e-19	-855.9817386753614	-1.1300311931319679e-8	0.7283349824331573
8.281102048052428e9	8.126974147454105	-5.314709378942007e-12	-1.4816858699469065e-8	-7.51443115038121e-21	-856.6226488889763	-4.34439718127571e-10	0.7264753802503752
8.302667869646333e9	7.815712121152037	-2.498255695064923e-12	-1.3926677436216676e-8	2.589033888309748e-19	-805.1586802683809	1.4968273073235547e-8	0.7273895443042466
8.321219216219836e9	7.571832463361385	3.9223332170132365e-12	-1.2268933424540013e-8	4.048133600069414e-19	-709.31934144898	2.3403985985899834e-8	0.7299849562178735
